300
310.204081632653
319.38775510204084
329.59183673469386
339.7959183673469
350
360.2040816326531
369.38775510204084
379.59183673469386
389.7959183673469
400
410.204081632653
419.38775510204084
429.59183673469386
439.795918367347
450
460.204081632653
470.40816326530614
479.59183673469386
489.79591836734687
500
510.204081632653
519.3877551020408
529.5918367346939
539.7959183673469
548.9795918367347
559.1836734693877
569.3877551020407
579.5918367346939
589.7959183673469
600
610.204081632653
619.3877551020408
629.5918367346939
639.795918367347
650
660.204081632653
669.3877551020407
679.5918367346939
689.7959183673469
699.9999999999999
710.204081632653
719.3877551020407
729.5918367346939
739.795918367347
749.9999999999999
760.204081632653
770.4081632653061
779.5918367346939
789.795918367347
799.9999999999999
809.1836734693877
820.4081632653061
830.6122448979592