64.75935828877004
70.32085561497325
73.10160427807486
75.45454545454545
76.52406417112299
74.59893048128342
69.67914438502673
72.24598930481282
77.16577540106951
81.8716577540107
84.65240641711229
87.2192513368984
89.14438502673796
91.06951871657753
92.56684491978609
93.63636363636363
94.91978609625667
95.77540106951871
96.63101604278074
97.27272727272727
98.1283422459893
98.34224598930481
98.34224598930481
98.98395721925132
99.19786096256684
99.19786096256684
99.62566844919786
99.41176470588235
99.19786096256684
98.77005347593582
98.77005347593582
98.34224598930481
98.1283422459893
98.1283422459893
97.27272727272727
97.05882352941175
96.41711229946523
96.20320855614972
95.98930481283422
95.13368983957218
94.91978609625667
94.49197860962566
94.06417112299465
93.63636363636363
92.56684491978609
91.71122994652406
90.42780748663101
88.71657754010694
86.79144385026737
85.0802139037433
82.72727272727272
81.01604278074865
78.23529411764706
75.88235294117646